0 0.09014423076923077 0.18870192307692307 0.18028846153846154 0.37740384615384615
0 0.3137019230769231 0.18870192307692307 0.13701923076923078 0.37740384615384615
0 0.3858173076923077 0.20552884615384615 0.06009615384615385 0.34375
0 0.21995192307692307 0.19110576923076922 0.1466346153846154 0.37259615384615385
0 0.7872596153846154 0.2800480769230769 0.33413461538461536 0.19471153846153846
0 0.2920673076923077 0.7427884615384616 0.03365384615384615 0.13431490384615385
0 0.39903846153846156 0.7512019230769231 0.03365384615384615 0.0889423076923077
0 0.3076923076923077 0.7572115384615384 0.04807692307692308 0.13040865384615385
0 0.23677884615384615 0.7572115384615384 0.021935096153846152 0.1063701923076923
0 0.34615384615384615 0.7620192307692307 0.04717548076923077 0.1141826923076923
0 0.12980769230769232 0.7355769230769231 0.25961538461538464 0.5240384615384616
0 0.8870192307692307 0.7271634615384616 0.22115384615384615 0.5408653846153846
0 0.7079326923076923 0.7331730769230769 0.23798076923076922 0.5288461538461539