0 0.07932692307692307 0.39783653846153844 0.030048076923076924 0.07001201923076923
0 0.12139423076923077 0.39903846153846156 0.027043269230769232 0.054086538461538464
0 0.10336538461538461 0.4026442307692308 0.023737980769230768 0.057692307692307696
0 0.15384615384615385 0.40384615384615385 0.023737980769230768 0.05859375
0 0.039663461538461536 0.40384615384615385 0.017427884615384616 0.057692307692307696
0 0.06370192307692307 0.4050480769230769 0.016526442307692308 0.05979567307692308
0 0.025240384615384616 0.4050480769230769 0.019230769230769232 0.05979567307692308
0 0.010817307692307692 0.4074519230769231 0.021634615384615384 0.07932692307692307
0 0.28966346153846156 0.4098557692307692 0.2860576923076923 0.49278846153846156
0 0.6646634615384616 0.028846153846153848 0.03125 0.057692307692307696
0 0.42427884615384615 0.8725961538461539 0.44471153846153844 0.25