0 0.4987980769230769 0.02283653846153846 0.036057692307692304 0.04567307692307692
0 0.25600961538461536 0.054086538461538464 0.06971153846153846 0.10817307692307693
0 0.20552884615384615 0.20793269230769232 0.2668269230769231 0.41586538461538464
0 0.3786057692307692 0.20793269230769232 0.2620192307692308 0.41586538461538464
0 0.8341346153846154 0.20793269230769232 0.3269230769230769 0.41586538461538464
0 0.6850961538461539 0.20793269230769232 0.23076923076923078 0.41586538461538464
0 0.2848557692307692 0.7632211538461539 0.24308894230769232 0.3722956730769231
0 0.28966346153846156 0.8088942307692307 0.18509615384615385 0.37740384615384615
0 0.5072115384615384 0.7572115384615384 0.1201923076923077 0.4807692307692308
0 0.12860576923076922 0.7884615384615384 0.25721153846153844 0.4182692307692308
0 0.6850961538461539 0.7079326923076923 0.23076923076923078 0.5793269230769231