0 0.22115384615384615 0.12620192307692307 0.023737980769230768 0.05108173076923077
0 0.39663461538461536 0.15865384615384615 0.029447115384615384 0.08233173076923077
0 0.15745192307692307 0.1658653846153846 0.05979567307692308 0.14513221153846154
0 0.3629807692307692 0.20552884615384615 0.04807692307692308 0.2283653846153846
0 0.2980769230769231 0.3233173076923077 0.22596153846153846 0.2283653846153846
0 0.5300480769230769 0.2764423076923077 0.03125 0.08263221153846154
0 0.7728365384615384 0.2824519230769231 0.07542067307692307 0.19921875
0 0.8257211538461539 0.31971153846153844 0.2668269230769231 0.23557692307692307
0 0.6526442307692307 0.3269230769230769 0.23798076923076922 0.22115384615384615
0 0.16947115384615385 0.6201923076923077 0.019230769230769232 0.05318509615384615
0 0.03245192307692308 0.8004807692307693 0.04026442307692308 0.1307091346153846
0 0.08533653846153846 0.8209134615384616 0.038461538461538464 0.10907451923076923
0 0.04447115384615385 0.8413461538461539 0.036959134615384616 0.14873798076923078
0 0.5709134615384616 0.71875 0.22355769230769232 0.5576923076923077